2016 01 01 09 25
2016 01 03 13 09
2016 01 03 21 46
2016 01 07 07 21
2016 01 08 17 22
2016 01 12 20 10
2016 01 13 04 46
2016 01 13 09 23
2016 01 13 16 25
2016 01 13 22 26
2016 01 15 12 05
2016 01 15 16 27
2016 01 17 08 10
2016 01 17 14 57
2016 01 17 14 59
2016 01 22 21 01
2016 01 23 03 15
2016 01 24 17 04
2016 01 24 19 08
2016 01 27 12 54
2016 01 28 20 16
2016 02 02 01 21
2016 02 02 06 59
2016 02 03 02 21
2016 02 03 02 21
2016 02 06 18 40
2016 02 07 03 00
2016 02 08 23 20
2016 02 09 23 06
2016 02 10 11 45
2016 02 10 11 53
2016 02 13 11 04
2016 02 13 12 21
2016 02 13 16 12
2016 02 14 07 58
2016 02 15 03 23
2016 02 18 22 05
2016 02 20 12 09
2016 02 21 04 18
2016 02 21 21 28
2016 02 23 20 33
2016 02 24 19 21
2016 02 24 23 05
2016 02 26 00 58
2016 02 26 19 48
2016 03 01 03 01
2016 03 03 15 56
2016 03 07 15 51
2016 03 08 10 15
2016 03 11 08 14
2016 03 13 00 03
2016 03 14 14 53
2016 03 15 05 41
2016 03 17 01 28
2016 03 18 02 06
2016 03 18 13 27
2016 03 21 04 18
2016 03 24 07 04
2016 03 25 18 12
2016 03 26 15 39
2016 04 01 11 38
2016 04 02 02 29
2016 04 02 05 15
2016 04 04 01 57
2016 04 04 05 57
2016 04 04 10 40
2016 04 04 18 15
2016 04 06 22 12
2016 04 07 12 45
2016 04 09 04 41
2016 04 09 13 41
2016 04 11 21 45
2016 04 12 09 28
2016 04 12 17 02
2016 04 14 02 51
2016 04 17 20 11
2016 04 17 21 40
2016 04 18 03 02
2016 04 19 18 04
2016 04 21 03 48
2016 04 22 08 55
2016 04 22 14 05
2016 04 22 19 46
2016 04 23 01 44
2016 04 24 12 55
2016 04 26 17 43
2016 04 26 22 32
2016 04 28 18 08
2016 05 01 11 07
2016 05 01 12 14
2016 05 01 14 52
2016 05 02 08 19
2016 05 03 03 02
2016 05 03 10 17
2016 05 04 19 58
2016 05 05 00 45
2016 05 05 14 00
2016 05 06 11 00
2016 05 07 04 50
2016 05 08 04 04
2016 05 09 06 58
2016 05 09 09 42
2016 05 11 10 40
2016 05 12 11 52
2016 05 12 14 11
2016 05 13 16 43
2016 05 13 21 38
2016 05 17 13 39
2016 05 18 08 38
2016 05 20 09 13
2016 05 20 19 00
2016 05 21 08 19
2016 05 22 07 49
2016 05 22 13 45
2016 05 26 10 41
2016 05 28 04 30
2016 05 28 09 35
2016 06 01 01 39
2016 06 03 07 08
2016 06 04 11 28
2016 06 05 02 31
2016 06 09 19 46
2016 06 13 03 30
2016 06 15 05 18
2016 06 16 03 00
2016 06 16 05 40
2016 06 17 06 24
2016 06 20 01 59
2016 06 22 03 58
2016 06 22 05 40
2016 06 23 10 13
2016 06 27 17 46
2016 06 28 01 33
2016 07 04 11 27
2016 07 04 17 01
2016 07 05 04 48
2016 07 07 00 37
2016 07 09 03 33
2016 07 09 08 06
2016 07 11 19 16
2016 07 12 09 55
2016 07 13 06 47
2016 07 13 23 10
2016 07 16 02 06
2016 07 17 08 17
2016 07 18 00 49
2016 07 18 23 24
2016 07 19 11 58
2016 07 19 12 48
2016 07 21 11 32
2016 07 21 11 37
2016 07 24 04 37
2016 07 24 08 14
2016 07 24 16 55
2016 07 25 00 16
2016 07 26 21 21
2016 07 28 18 57
2016 08 02 03 21
2016 08 02 20 58
2016 08 02 22 51
2016 08 03 05 16
2016 08 03 14 58
2016 08 10 04 55
2016 08 10 20 01
2016 08 12 16 06
2016 08 15 06 00
2016 08 17 02 53
2016 08 26 06 42
2016 09 01 09 53
2016 09 03 05 06
2016 09 08 03 52
2016 09 09 15 22
2016 09 10 02 52
2016 09 13 01 43
2016 09 14 10 33
2016 09 15 06 13
2016 09 16 00 05
2016 09 18 21 05
2016 09 19 20 47
2016 09 20 11 22
2016 09 23 12 48
2016 09 24 07 11
2016 09 25 23 36
2016 09 27 01 29
2016 09 27 19 44
2016 09 27 21 56
2016 10 02 20 35
2016 10 02 23 20
2016 10 03 03 31
2016 10 04 00 13
2016 10 04 17 21
2016 10 05 16 49
2016 10 06 03 10
2016 10 06 22 14
2016 10 09 14 25
2016 10 10 05 54
2016 10 12 19 07
2016 10 12 20 40
2016 10 18 06 02
2016 10 18 08 23
2016 10 18 21 42
2016 10 19 02 36
2016 10 21 04 14
2016 10 22 02 17
2016 10 22 02 51
2016 10 23 03 09
2016 10 23 09 10
2016 10 25 14 22
2016 10 26 17 05
2016 10 27 11 31
2016 10 27 21 27
2016 11 02 14 38
2016 11 03 20 40
2016 11 04 22 15
2016 11 08 16 19
2016 11 11 08 26
2016 11 11 23 12
2016 11 12 09 15
2016 11 12 22 23
2016 11 14 13 13
2016 11 15 22 17
2016 11 16 19 42
2016 11 18 04 59
2016 11 19 01 01
2016 11 21 05 22
2016 11 21 07 31
2016 11 23 22 13
2016 11 24 00 32
2016 11 28 02 09
2016 12 01 23 10
2016 12 03 20 03
2016 12 04 05 02
2016 12 07 20 22
2016 12 08 18 49
2016 12 10 09 16
2016 12 10 10 12
2016 12 10 15 22
2016 12 11 00 04
2016 12 11 10 33
2016 12 11 23 35
2016 12 13 10 42
2016 12 13 19 00
2016 12 14 06 38
2016 12 19 09 10
2016 12 20 04 07
2016 12 24 13 02
2016 12 27 01 47
2016 12 27 13 15
2016 12 27 14 48
2016 12 28 22 49
